6607
6750
7154
7109
7885
7349
7077
6924
7143
7267
7346
7166
7573
7465
7024
7725
7049
6768
6756
7667
6897
7336
7501
6925
6821
8013
7150
6979
6760
6892
7782
7028
7479
6653
7525
7454
6965
7838
7658
7630
7776
7458
7098
6935
7651
7641
7771
7378
6530
7452
7667
6769
7228
7293
7138
6938
6759
7679
6904
7271
7655
7008
7158
7274
7114
6918
7056
7041
7820
6754
7036
7505
6714
7483
7137
7584
7614
7278
7520
7586
7030
7666
6464
8200
6744
6794
7555
6809
7260
7435
7144
7298
7641
7454
6638
7913
6834
6639
6908
7015
7643
7252
